start=55.220382
pause=yes
volume=85.000000
