start=7213.851000
volume=95.000000
