start=1441.231000
volume=165.000000
fullscreen=yes
