start=102.721000
volume=55.000000
