start=293.835000
volume=125.000000
fullscreen=yes
