start=1867.783000
volume=130.000000
