start=2268.400000
volume=150.000000
