start=197.030000
pause=yes
volume=125.000000
sid=2
