start=41.375000
volume=165.000000
