start=3328.075000
speed=1.331000
volume=135.000000
sid=1
