start=439.272000
pause=yes
volume=150.000000
sid=1
