start=37.412000
volume=120.000000
