start=7762.630000
volume=0.000000
