start=1821.888856
volume=95.000000
fullscreen=yes
