start=7961.287000
volume=60.000000
