start=7452.308501
volume=90.000000
