start=207.110952
volume=120.000000
