start=3997.410000
volume=65.000000
fullscreen=yes
