start=167.750000
pause=yes
volume=50.000000
