start=112.362000
speed=1.331000
volume=120.000000
