start=14.264000
volume=110.000000
