start=3718.340000
pause=yes
volume=60.000000
