start=97.431000
volume=190.000000
fullscreen=yes
