start=2793.541000
volume=135.000000
