start=99.492000
volume=105.000000
