start=1041.040000
volume=200.000000
sid=2
