start=45.003000
volume=120.000000
