start=60.121000
volume=0.000000
