start=2212.292000
volume=115.000000
