start=17.866667
speed=1.464100
volume=105.000000
fullscreen=yes
