start=0.000000
pause=yes
volume=20.000000
