start=4.296000
volume=85.000000
