start=201.000000
volume=75.000000
fullscreen=yes
sid=1
