start=100.100000
volume=115.000000
