start=23.649000
volume=65.000000
