start=3539.327000
speed=1.610510
volume=90.000000
