start=281.042000
speed=1.610510
volume=80.000000
fullscreen=yes
