start=8971.087000
volume=0.000000
