start=3171.627000
speed=1.210000
volume=90.000000
