start=101.706513
volume=85.000000
