start=3.583000
speed=1.210000
volume=80.000000
