start=9219.210000
speed=1.464100
volume=65.000000
