start=2554.594000
volume=105.000000
