start=2797.461000
speed=1.210000
volume=90.000000
