start=1892.333668
volume=60.000000
