start=1860.967000
volume=115.000000
