start=560.375000
volume=200.000000
