start=672.213000
speed=1.610510
volume=125.000000
fullscreen=yes
