start=618.827000
speed=1.331000
volume=165.000000
