start=2216.756000
volume=90.000000
