start=41.040000
pause=yes
volume=145.000000
