start=168.922648
volume=120.000000
