start=99.818310
volume=35.000000
