start=251.751000
volume=75.000000
fullscreen=yes
