start=7111.938000
speed=1.331000
volume=155.000000
fullscreen=yes
