start=3.337000
volume=50.000000
sid=1
