start=7030.065000
volume=70.000000
