start=84.869000
volume=165.000000
