start=886.886000
volume=125.000000
fullscreen=yes
