start=1444.610000
volume=110.000000
