start=9.259000
volume=145.000000
