start=820.737000
volume=150.000000
