start=761.719000
speed=1.610510
volume=75.000000
fullscreen=yes
