start=77.688000
volume=35.000000
