start=127.550094
volume=125.000000
