start=198.130533
volume=50.000000
fullscreen=yes
