start=260.640000
volume=50.000000
