start=1382.423000
volume=140.000000
