start=3515.512000
pause=yes
volume=80.000000
