start=135.522000
pause=yes
volume=200.000000
