start=6075.861000
volume=145.000000
