start=3395.934000
volume=135.000000
fullscreen=yes
