start=831.581000
volume=90.000000
sid=1
