start=1799.631000
volume=125.000000
