start=50.792000
volume=160.000000
fullscreen=yes
