start=1842.507000
pause=yes
volume=75.000000
fullscreen=yes
sid=1
