start=1568.083000
pause=yes
volume=95.000000
fullscreen=yes
sid=7
