start=102.756000
volume=175.000000
