start=1001.855000
speed=1.464100
