start=82.625000
volume=105.000000
fullscreen=yes
