start=34.474000
volume=75.000000
