start=1080.705000
volume=155.000000
fullscreen=yes
sid=1
