start=63.480000
volume=115.000000
