start=49.800000
volume=105.000000
