start=1298.362375
volume=105.000000
panscan=0.100000
