start=3340.254000
speed=1.464100
volume=105.000000
